#######################################################################
#                                                                     #
# WGS84 positions of SKA1 LOW Field Stations taken from Table 10-1    #
# of SKA1-LOW Configuration Coordinates - Complete Set                #
# (SKA-TEL-SKO-0000422 Revision 04)                                   #
#                                                                     #
# Columns: Station ID, Label, Longitude, Latitude                     #
#                                                                     #
#######################################################################
1 C1 116.765696 -26.826162
2 C2 116.763621 -26.823646
3 C3 116.765156 -26.825152
4 C4 116.763103 -26.825226
5 C5 116.764463 -26.824672
6 C6 116.76413 -26.822923
7 C7 116.764782 -26.823524
8 C8 116.764539 -26.825185
9 C9 116.765574 -26.82412
10 C10 116.762603 -26.824216
11 C11 116.763073 -26.824278
12 C12 116.766071 -26.823449
13 C13 116.764434 -26.825672
14 C14 116.764904 -26.825464
15 C15 116.7639 -26.824653
16 C16 116.762306 -26.824677
17 C17 116.765263 -26.823809
18 C18 116.766033 -26.824062
19 C19 116.76402 -26.825349
20 C20 116.764806 -26.824885
21 C21 116.76613 -26.824569
22 C22 116.766408 -26.825231
23 C23 116.765364 -26.825815
24 C24 116.763849 -26.823296
25 C25 116.765709 -26.823252
26 C26 116.763499 -26.823061
27 C27 116.76448 -26.823156
28 C28 116.764743 -26.826382
29 C29 116.763919 -26.825818
30 C30 116.765206 -26.823381
31 C31 116.76558 -26.825489
32 C32 116.765141 -26.822667
33 C33 116.763774 -26.826263
34 C34 116.766488 -26.824087
35 C35 116.763573 -26.825397
36 C36 116.763004 -26.825802
37 C37 116.765188 -26.824626
38 C38 116.763076 -26.824828
39 C39 116.765199 -26.826416
40 C40 116.762233 -26.824029
41 C41 116.763418 -26.824587
42 C42 116.766596 -26.824458
43 C43 116.762328 -26.82532
44 C44 116.765128 -26.82424
45 C45 116.763749 -26.826643
46 C46 116.76264 -26.823744
47 C47 116.766108 -26.825903
48 C48 116.762609 -26.824977
49 C49 116.764583 -26.822734
50 C50 116.76647 -26.825696
51 C51 116.764965 -26.82302
52 C52 116.764218 -26.826148
53 C53 116.763241 -26.823877
54 C54 116.765719 -26.824477
55 C55 116.766731 -26.824878
56 C56 116.762731 -26.825512
57 C57 116.764898 -26.825929
58 C58 116.76341 -26.825984
59 C59 116.764198 -26.824956
60 C60 116.765966 -26.825103
61 C61 116.762984 -26.82625
62 C62 116.763345 -26.826458
63 C63 116.763575 -26.824994
64 C64 116.763074 -26.823213
65 C65 116.763749 -26.822702
66 C66 116.764354 -26.826699
67 C67 116.762739 -26.824578
68 C68 116.765638 -26.822844
69 C69 116.76573 -26.823697
70 C70 116.764211 -26.823498
71 C71 116.766072 -26.825514
72 C72 116.766402 -26.823694
73 C73 116.764892 -26.826741
74 C74 116.762447 -26.825797
75 C75 116.765583 -26.824934
76 C76 116.766672 -26.826383
77 C77 116.766732 -26.826764
78 C78 116.76229 -26.822299
79 C79 116.765934 -26.826892
80 C80 116.761226 -26.823724
81 C81 116.76536 -26.827718
82 C82 116.762932 -26.826943
83 C83 116.767687 -26.823288
84 C84 116.762564 -26.826693
85 C85 116.766746 -26.82292
86 C86 116.763475 -26.827194
87 C87 116.761812 -26.825572
88 C88 116.765077 -26.827269
89 C89 116.762764 -26.822591
90 C90 116.761117 -26.824152
91 C91 116.762556 -26.827173
92 C92 116.761369 -26.824535
93 C93 116.763078 -26.821809
94 C94 116.767656 -26.826015
95 C95 116.761767 -26.824156
96 C96 116.761506 -26.823071
97 C97 116.765532 -26.822438
98 C98 116.767486 -26.824197
99 C99 116.765807 -26.82737
100 C100 116.765717 -26.826545
101 C101 116.763715 -26.821861
102 C102 116.763272 -26.822483
103 C103 116.767244 -26.825778
104 C104 116.766379 -26.822244
105 C105 116.763957 -26.822337
106 C106 116.761789 -26.822716
107 C107 116.767232 -26.823736
108 C108 116.761955 -26.825102
109 C109 116.765983 -26.822072
110 C110 116.765069 -26.822024
111 C111 116.762375 -26.826187
112 C112 116.764569 -26.827266
113 C113 116.763212 -26.827542
114 C114 116.761931 -26.823224
115 C115 116.761272 -26.825929
116 C116 116.762581 -26.823351
117 C117 116.766244 -26.826414
118 C118 116.764213 -26.821627
119 C119 116.767024 -26.823217
120 C120 116.766895 -26.82544
121 C121 116.761788 -26.823597
122 C122 116.764596 -26.822008
123 C123 116.766485 -26.823242
124 C124 116.767679 -26.824833
125 C125 116.762143 -26.826809
126 C126 116.76728 -26.826377
127 C127 116.76167 -26.826766
128 C128 116.761985 -26.826452
129 C129 116.761332 -26.825511
130 C130 116.763987 -26.827542
131 C131 116.767015 -26.824097
132 C132 116.766392 -26.827007
133 C133 116.767162 -26.822703
134 C134 116.765508 -26.82189
135 C135 116.761243 -26.825126
136 C136 116.767958 -26.825424
137 C137 116.762374 -26.822766
138 C138 116.764748 -26.821506
139 C139 116.762933 -26.822242
140 C140 116.761968 -26.826064
141 C141 116.767159 -26.826795
142 C142 116.764192 -26.827088
143 C143 116.766459 -26.827403
144 C144 116.767848 -26.824395
145 C145 116.76697 -26.826075
146 C146 116.766436 -26.82262
147 C147 116.767323 -26.824621
148 C148 116.764402 -26.822368
149 C149 116.766795 -26.822394
150 C150 116.766813 -26.823602
151 C151 116.760889 -26.82448
152 C152 116.760772 -26.825613
153 C153 116.769236 -26.825371
154 C154 116.760042 -26.825951
155 C155 116.765148 -26.820641
156 C156 116.765447 -26.82851
157 C157 116.762515 -26.828292
158 C158 116.763978 -26.828378
159 C159 116.768919 -26.826198
160 C160 116.760507 -26.82665
161 C161 116.763966 -26.82043
162 C162 116.761501 -26.822426
163 C163 116.768119 -26.827043
164 C164 116.76685 -26.828135
165 C165 116.769208 -26.824569
166 C166 116.765469 -26.820938
167 C167 116.766143 -26.827722
168 C168 116.760602 -26.823585
169 C169 116.768253 -26.826092
170 C170 116.760463 -26.823188
171 C171 116.766447 -26.827991
172 C172 116.766017 -26.828197
173 C173 116.764573 -26.829054
174 C174 116.767531 -26.827229
175 C175 116.762459 -26.821027
176 C176 116.760885 -26.822652
177 C177 116.763287 -26.828461
178 C178 116.760735 -26.824899
179 C179 116.764477 -26.820875
180 C180 116.768169 -26.823369
181 C181 116.76823 -26.824059
182 C182 116.760942 -26.823259
183 C183 116.767109 -26.821104
184 C184 116.762016 -26.828384
185 C185 116.761514 -26.827145
186 C186 116.760678 -26.824086
187 C187 116.768389 -26.825627
188 C188 116.768778 -26.8247
189 C189 116.768557 -26.823208
190 C190 116.76908 -26.824058
191 C191 116.764935 -26.828164
192 C192 116.761052 -26.827534
193 C193 116.763606 -26.820649
194 C194 116.76198 -26.827741
195 C195 116.766841 -26.821405
196 C196 116.767436 -26.821994
197 C197 116.764553 -26.827984
198 C198 116.768797 -26.825314
199 C199 116.760577 -26.822271
200 C200 116.767322 -26.825361
201 C201 116.763258 -26.82895
202 C202 116.763604 -26.828026
203 C203 116.75975 -26.824688
204 C204 116.765413 -26.828909
205 C205 116.760369 -26.824566
206 C206 116.765508 -26.828113
207 C207 116.766176 -26.820395
208 C208 116.765702 -26.820248
209 C209 116.766237 -26.820941
210 C210 116.765836 -26.821149
211 C211 116.765845 -26.820663
212 C212 116.767078 -26.820713
213 C213 116.759464 -26.82552
214 C214 116.760274 -26.82554
215 C215 116.7596 -26.825051
216 C216 116.759402 -26.826015
217 C217 116.759086 -26.82573
218 C218 116.759951 -26.825285
219 C219 116.768109 -26.82826
220 C220 116.767684 -26.828047
221 C221 116.767742 -26.827574
222 C222 116.767327 -26.828267
223 C223 116.768055 -26.827829
224 C224 116.767224 -26.827883
225 E1-1 116.762526 -26.819528
226 E1-2 116.762079 -26.8193
227 E1-3 116.762495 -26.819055
228 E1-4 116.761803 -26.819012
229 E1-5 116.762788 -26.818756
230 E1-6 116.762123 -26.818445
231 E2-1 116.7566 -26.820537
232 E2-2 116.756097 -26.820188
233 E2-3 116.757392 -26.820047
234 E2-4 116.756719 -26.820035
235 E2-5 116.756218 -26.819719
236 E2-6 116.757038 -26.819671
237 E3-1 116.751387 -26.825916
238 E3-2 116.751835 -26.82586
239 E3-3 116.750895 -26.825564
240 E3-4 116.751747 -26.825427
241 E3-5 116.751313 -26.825378
242 E3-6 116.751435 -26.825014
243 E4-1 116.750275 -26.835686
244 E4-2 116.750735 -26.835593
245 E4-3 116.750785 -26.835167
246 E4-4 116.751243 -26.835087
247 E4-5 116.750124 -26.834984
248 E4-6 116.750492 -26.834565
249 N1-1 116.759536 -26.829622
250 N1-2 116.76015 -26.829629
251 N1-3 116.760572 -26.829512
252 N1-4 116.759919 -26.829299
253 N1-5 116.760329 -26.829193
254 N1-6 116.759644 -26.828834
255 N2-1 116.76417 -26.833447
256 N2-2 116.76327 -26.833473
257 N2-3 116.763678 -26.833282
258 N2-4 116.763276 -26.833077
259 N2-5 116.764163 -26.832925
260 N2-6 116.763638 -26.832798
261 N3-1 116.772075 -26.834809
262 N3-2 116.771593 -26.83484
263 N3-3 116.771126 -26.834604
264 N3-4 116.771804 -26.834475
265 N3-5 116.771229 -26.834161
266 N3-6 116.771844 -26.833952
267 N4-1 116.781446 -26.830865
268 N4-2 116.781116 -26.830539
269 N4-3 116.781684 -26.830432
270 N4-4 116.780908 -26.830143
271 N4-5 116.781665 -26.830027
272 N4-6 116.781216 -26.82971
273 S1-1 116.771164 -26.826392
274 S1-2 116.770781 -26.826089
275 S1-3 116.77035 -26.826018
276 S1-4 116.771199 -26.825994
277 S1-5 116.770906 -26.825556
278 S1-6 116.771346 -26.825471
279 S2-1 116.773174 -26.821491
280 S2-2 116.772431 -26.821396
281 S2-3 116.772867 -26.821199
282 S2-4 116.772209 -26.820927
283 S2-5 116.77326 -26.820834
284 S2-6 116.772918 -26.820519
285 S3-1 116.77076 -26.814775
286 S3-2 116.770369 -26.814329
287 S3-3 116.769748 -26.814245
288 S3-4 116.770925 -26.814188
289 S3-5 116.769966 -26.813881
290 S3-6 116.770482 -26.813775
291 S4-1 116.761496 -26.809236
292 S4-2 116.760895 -26.809156
293 S4-3 116.761839 -26.808955
294 S4-4 116.761292 -26.80875
295 S4-5 116.76152 -26.808414
296 S4-6 116.760876 -26.808398
297 E5-1 116.758733 -26.844019
298 E5-2 116.759376 -26.843695
299 E5-3 116.758696 -26.843629
300 E5-4 116.758209 -26.843492
301 E5-5 116.759099 -26.843252
302 E5-6 116.758764 -26.842901
303 E6-1 116.771776 -26.849821
304 E6-2 116.772239 -26.849668
305 E6-3 116.771697 -26.849249
306 E6-4 116.772387 -26.849135
307 E6-5 116.771239 -26.849052
308 E6-6 116.772116 -26.848801
309 E7-1 116.790655 -26.848719
310 E7-2 116.790986 -26.848453
311 E7-3 116.79026 -26.848505
312 E7-4 116.791433 -26.848403
313 E7-5 116.790637 -26.848026
314 E7-6 116.791036 -26.847843
315 E8-1 116.811683 -26.836388
316 E8-2 116.812284 -26.836178
317 E8-3 116.811179 -26.836101
318 E8-4 116.812144 -26.835751
319 E8-5 116.811687 -26.835706
320 E8-6 116.811129 -26.835634
321 E9-1 116.826079 -26.81029
322 E9-2 116.826504 -26.809972
323 E9-3 116.826045 -26.809788
324 E9-4 116.826879 -26.809624
325 E9-5 116.826498 -26.809402
326 E9-6 116.825966 -26.809401
327 S5-1 116.74912 -26.811598
328 S5-2 116.749037 -26.811109
329 S5-3 116.74976 -26.810899
330 S5-4 116.748587 -26.81086
331 S5-5 116.749309 -26.810794
332 S5-6 116.748829 -26.810536
333 S6-1 116.73692 -26.818549
334 S6-2 116.737522 -26.818558
335 S6-3 116.737222 -26.818276
336 S6-4 116.737714 -26.817976
337 S6-5 116.736736 -26.817943
338 S6-6 116.737271 -26.81776
339 S7-1 116.728668 -26.833803
340 S7-2 116.728128 -26.833498
341 S7-3 116.729078 -26.833431
342 S7-4 116.728672 -26.833194
343 S7-5 116.728951 -26.832882
344 S7-6 116.728198 -26.83282
345 S8-1 116.729639 -26.856153
346 S8-2 116.730078 -26.856129
347 S8-3 116.730502 -26.85579
348 S8-4 116.730118 -26.855581
349 S8-5 116.729681 -26.855455
350 S8-6 116.730024 -26.855109
351 S9-1 116.747885 -26.880805
352 S9-2 116.747333 -26.880622
353 S9-3 116.747872 -26.880351
354 S9-4 116.74723 -26.880215
355 S9-5 116.748383 -26.87998
356 S9-6 116.74749 -26.879883
357 N5-1 116.78507 -26.820212
358 N5-2 116.785559 -26.820116
359 N5-3 116.784815 -26.819857
360 N5-4 116.785276 -26.819712
361 N5-5 116.785861 -26.819489
362 N5-6 116.785213 -26.819332
363 N6-1 116.784279 -26.807158
364 N6-2 116.784952 -26.807135
365 N6-3 116.784525 -26.806781
366 N6-4 116.784082 -26.806752
367 N6-5 116.784983 -26.806708
368 N6-6 116.78461 -26.806306
369 N7-1 116.773939 -26.792909
370 N7-2 116.773506 -26.792729
371 N7-3 116.774417 -26.792805
372 N7-4 116.774659 -26.79247
373 N7-5 116.77423 -26.792325
374 N7-6 116.773821 -26.792195
375 N8-1 116.751513 -26.782976
376 N8-2 116.752352 -26.782669
377 N8-3 116.751288 -26.782609
378 N8-4 116.751784 -26.782449
379 N8-5 116.751397 -26.782231
380 N8-6 116.752122 -26.782098
381 N9-1 116.719376 -26.78457
382 N9-2 116.719682 -26.784264
383 N9-3 116.718774 -26.784203
384 N9-4 116.719252 -26.784088
385 N9-5 116.719524 -26.783716
386 N9-6 116.718899 -26.783682
387 E10-1 116.834725 -26.861834
388 E10-2 116.83428 -26.861644
389 E10-3 116.835382 -26.861594
390 E10-4 116.834755 -26.861254
391 E10-5 116.834417 -26.860904
392 E10-6 116.83525 -26.860855
393 E11-1 116.864174 -26.85885
394 E11-2 116.86355 -26.858758
395 E11-3 116.863814 -26.858343
396 E11-4 116.864692 -26.858283
397 E11-5 116.863576 -26.858013
398 E11-6 116.864341 -26.85792
399 E12-1 116.859808 -26.912269
400 E12-2 116.859315 -26.911944
401 E12-3 116.85867 -26.91188
402 E12-4 116.859718 -26.911682
403 E12-5 116.859275 -26.911501
404 E12-6 116.858812 -26.911492
405 E13-1 116.938951 -26.812287
406 E13-2 116.938015 -26.812259
407 E13-3 116.938519 -26.812151
408 E13-4 116.938036 -26.811853
409 E13-5 116.93879 -26.811808
410 E13-6 116.938448 -26.811582
411 E14-1 116.99324 -26.786008
412 E14-2 116.992616 -26.785601
413 E14-3 116.993028 -26.785565
414 E14-4 116.993702 -26.785412
415 E14-5 116.992888 -26.785042
416 E14-6 116.993572 -26.785069
417 E15-1 117.048006 -26.892787
418 E15-2 117.047198 -26.89252
419 E15-3 117.048458 -26.892319
420 E15-4 117.047718 -26.892112
421 E15-5 117.04816 -26.892051
422 E15-6 117.04722 -26.892046
423 E16-1 117.195237 -26.952418
424 E16-2 117.194734 -26.952237
425 E16-3 117.195934 -26.952145
426 E16-4 117.19497 -26.951879
427 E16-5 117.195414 -26.951769
428 E16-6 117.194981 -26.9515
429 S10-1 116.693454 -26.863716
430 S10-2 116.693658 -26.863341
431 S10-3 116.694108 -26.863305
432 S10-4 116.693283 -26.863136
433 S10-5 116.693721 -26.862824
434 S10-6 116.693159 -26.86275
435 S11-1 116.666842 -26.899387
436 S11-2 116.667274 -26.899361
437 S11-3 116.6675 -26.899015
438 S11-4 116.666162 -26.898997
439 S11-5 116.66675 -26.898864
440 S11-6 116.666714 -26.898472
441 S12-1 116.621864 -26.865563
442 S12-2 116.621267 -26.865405
443 S12-3 116.620832 -26.865256
444 S12-4 116.621577 -26.865142
445 S12-5 116.621303 -26.86478
446 S12-6 116.621745 -26.864643
447 S13-1 116.654672 -26.94988
448 S13-2 116.654251 -26.9498
449 S13-3 116.654668 -26.949466
450 S13-4 116.654022 -26.949307
451 S13-5 116.655057 -26.949154
452 S13-6 116.6544 -26.949118
453 S14-1 116.697431 -27.012275
454 S14-2 116.697121 -27.01197
455 S14-3 116.697649 -27.011833
456 S14-4 116.698069 -27.011711
457 S14-5 116.697052 -27.011566
458 S14-6 116.697623 -27.011219
459 S15-1 116.506632 -26.944117
460 S15-2 116.506075 -26.943806
461 S15-3 116.506623 -26.943714
462 S15-4 116.507104 -26.943552
463 S15-5 116.505984 -26.943421
464 S15-6 116.506611 -26.943084
465 S16-1 116.479592 -27.059862
466 S16-2 116.479038 -27.059709
467 S16-3 116.480041 -27.059609
468 S16-4 116.479561 -27.05934
469 S16-5 116.478883 -27.059346
470 S16-6 116.479322 -27.059025
471 N10-1 116.762949 -26.751126
472 N10-2 116.762523 -26.751069
473 N10-3 116.762136 -26.750902
474 N10-4 116.763015 -26.750699
475 N10-5 116.762605 -26.750563
476 N10-6 116.762283 -26.750275
477 N11-1 116.805197 -26.722019
478 N11-2 116.804765 -26.72187
479 N11-3 116.805263 -26.721612
480 N11-4 116.804859 -26.721481
481 N11-5 116.805682 -26.721426
482 N11-6 116.805147 -26.721005
483 N12-1 116.724607 -26.713049
484 N12-2 116.725517 -26.712975
485 N12-3 116.724997 -26.712774
486 N12-4 116.72545 -26.712435
487 N12-5 116.724409 -26.712398
488 N12-6 116.725025 -26.712353
489 N13-1 116.67295 -26.693202
490 N13-2 116.673413 -26.693095
491 N13-3 116.6727 -26.692894
492 N13-4 116.673173 -26.69267
493 N13-5 116.672731 -26.692434
494 N13-6 116.673204 -26.692293
495 N14-1 116.625799 -26.661719
496 N14-2 116.626192 -26.66154
497 N14-3 116.625861 -26.661214
498 N14-4 116.625419 -26.661186
499 N14-5 116.626134 -26.660853
500 N14-6 116.625491 -26.660743
501 N15-1 116.686259 -26.585334
502 N15-2 116.686857 -26.58517
503 N15-3 116.685887 -26.584934
504 N15-4 116.686357 -26.584855
505 N15-5 116.686721 -26.584688
506 N15-6 116.685917 -26.584465
507 N16-1 116.658913 -26.498395
508 N16-2 116.659686 -26.498144
509 N16-3 116.659045 -26.497944
510 N16-4 116.659577 -26.497756
511 N16-5 116.658634 -26.497699
512 N16-6 116.659076 -26.497529
